,log_price,price,host_experience_years,number_of_reviews,reputation_index,review_scores_rating
log_price,1.0,0.8621335126509563,0.08258625471579148,-0.020258133590553267,0.07367281523204978,0.09386630159931464
price,0.8621335126509563,1.0,0.041979647002865605,-0.05300845636455199,0.02237320132622875,0.07531145570106777
host_experience_years,0.08258625471579148,0.041979647002865605,1.0,0.1926804045433247,0.421516989470981,0.02837368726750295
number_of_reviews,-0.020258133590553267,-0.05300845636455199,0.1926804045433247,1.0,0.6460075483882828,0.004643318650520346
reputation_index,0.07367281523204978,0.02237320132622875,0.421516989470981,0.6460075483882828,1.0,0.3955646922721924
review_scores_rating,0.09386630159931464,0.07531145570106777,0.02837368726750295,0.004643318650520346,0.3955646922721924,1.0
